008000007000020009000806345300000000000081002201900008000064000600100200090050400
000600528000700060600900000070000801300000007506000090000009002020006000183002000
060000000007200008000000900000103009290000087600802000005000000800004200000000030
000000650090052000002380090005600000060000030000001500010038400000160080084000000
090000000008900204003000600070000020000020000040000050001000900504007100000000060
040005700200040000008000000000206000086070430000304000000000900000010005003900020
200050100701060000000004060000026005000000000600870000030900000000030508006040003
470000308010040000200000000090002740000406000024900060000000007000080050507000039
010090508049000000000200000900100000104050802000008009000004000000000190407010030
004030001600004000000000400001069000500201009000840300005000000000400005300010900
040000760060079000850000900000300004400000006700004000003000017000910080014000020
300000010007000002000000007040060250020308090059020060400000000100000600090000008
045832710013070800098641002900367500001000400502190638126753084450080170807419200
400705802020006357735200004503068021200574038904023760809040173642007089300859200
907024600003010700060000409300000200048000096010240037006000370090302001502187060
020300000000600500600001029009036148500000700431980200305800400007060001000043856
002007090000000600100000000000060000008400006900852031000041000000700062070900000
000000000007004015000070000010047529000103047002008030000060002000009350000000600
980640320746080195201500600000708000018459002374100850850910070120365984409800513
800000900350070000200590000708000610105700000000000000000400009030800006001000200